("HSS20X12X.625"                 20.0            12.0            0.625)
("HSS20X12X.5"                   20.0            12.0            0.5)
("HSS20X12X.375"                 20.0            12.0            0.375)
("HSS20X12X.3125"                20.0            12.0            0.3125)
("HSS20X8X.5"                    20.0            8.0             0.5)
("HSS20X8X.375"                  20.0            8.0             0.375)
("HSS20X8X.3125"                 20.0            8.0             0.3125)
("HSS20X4X.5"                    20.0            4.0             0.5)
("HSS20X4X.375"                  20.0            4.0             0.375)
("HSS20X4X.3125"                 20.0            4.0             0.3125)
("HSS18X6X.5"                    18.0            6.0             0.5)
("HSS18X6X.375"                  18.0            6.0             0.375)
("HSS18X6X.3125"                 18.0            6.0             0.3125)
("HSS16X12X.625"                 16.0            12.0            0.625)
("HSS16X12X.5"                   16.0            12.0            0.5)
("HSS16X12X.375"                 16.0            12.0            0.375)
("HSS16X12X.3125"                16.0            12.0            0.3125)
("HSS16X8X.5"                    16.0            8.0             0.5)
("HSS16X8X.375"                  16.0            8.0             0.375)
("HSS16X8X.3125"                 16.0            8.0             0.3125)
("HSS16X4X.5"                    16.0            4.0             0.5)
("HSS16X4X.375"                  16.0            4.0            0.375)
("HSS16X4X.3125"                 16.0            4.0             0.3125)
("HSS14X10X.625"                 14.0            10.0            0.625)
("HSS14X10X.5"                   14.0            10.0            0.5)
("HSS14X10X.375"                 14.0            10.0            0.375)
("HSS14X10X.3125"                14.0            10.0            0.3125)
("HSS14X6X.5"                    14.0            6.0             0.5)
("HSS14X6X.375"                  14.0            6.0             0.375)
("HSS14X6X.3125"                 14.0            6.0             0.3125)
("HSS14X6X.25"                   14.0            6.0             0.25)
("HSS14X4X.5"                    14.0            4.0             0.5)
("HSS14X4X.375"                  14.0            4.0             0.375)
("HSS14X4X.3125"                 14.0            4.0             0.3125)
("HSS14X4X.25"                   14.0            4.0             0.25)
("HSS12X8X.625"                  12.0            8.0             0.625)
("HSS12X8X.5625"                 12.0            8.0             0.5625)
("HSS12X8X.5"                    12.0            8.0             0.5)
("HSS12X8X.375"                  12.0            8.0             0.375)
("HSS12X8X.3125"                 12.0            8.0             0.3125)
("HSS12X8X.25"                   12.0            8.0             0.25)
("HSS12X8X.1875"                 12.0            8.0             0.1875)
("HSS12X6X.625"                  12.0            6.0             0.625)
("HSS12X6X.5625"                 12.0            6.0             0.5625)
("HSS12X6X.5"                    12.0            6.0             0.5)
("HSS12X6X.375"                  12.0            6.0             0.375)
("HSS12X6X.3125"                 12.0            6.0             0.3125)
("HSS12X6X.25"                   12.0            6.0             0.25)
("HSS12X6X.1875"                 12.0            6.0             0.1875)
("HSS12X4X.625"                  12.0            4.0             0.625)
("HSS12X4X.5625"                 12.0            4.0             0.5625)
("HSS12X4X.5"                    12.0            4.0             0.5)
("HSS12X4X.375"                  12.0            4.0             0.375)
("HSS12X4X.3125"                 12.0            4.0             0.3125)
("HSS12X4X.25"                   12.0            4.0             0.25)
("HSS12X4X.1875"                 12.0            4.0             0.1875)
("HSS12X2X.25"                   12.0            2.0             0.25)
("HSS12X2X.1875"                 12.0            2.0             0.1875)
("HSS10X8X.625"                  10.0            8.0             0.625)
("HSS10X8X.5625"                 10.0            8.0             0.5625)
("HSS10X8X.5"                    10.0            8.0             0.5)
("HSS10X8X.375"                  10.0            8.0             0.375)
("HSS10X8X.3125"                 10.0            8.0             0.3125)
("HSS10X8X.25"                   10.0            8.0             0.25)
("HSS10X8X.1875"                 10.0            8.0             0.1875)
("HSS10X6X.625"                  10.0            6.0             0.625)
("HSS10X6X.5625"                 10.0            6.0             0.5625)
("HSS10X6X.5"                    10.0            6.0             0.5)
("HSS10X6X.375"                  10.0            6.0             0.375)
("HSS10X6X.3125"                 10.0            6.0             0.3125)
("HSS10X6X.25"                   10.0            6.0             0.25)
("HSS10X6X.1875"                 10.0            6.0             0.1875)
("HSS10X5X.625"                  10.0            5.0             0.625)
("HSS10X5X.5625"                 10.0            5.0             0.5625)
("HSS10X5X.5"                    10.0            5.0             0.5)
("HSS10X5X.375"                  10.0            5.0             0.375)
("HSS10X5X.3125"                 10.0            5.0             0.3125)
("HSS10X5X.25"                   10.0            5.0             0.25)
("HSS10X5X.1875"                 10.0            5.0             0.1875)
("HSS10X4X.5625"                 10.0            4.0             0.5625)
("HSS10X4X.5"                    10.0            4.0             0.5)
("HSS10X4X.375"                  10.0            4.0             0.375)
("HSS10X4X.3125"                 10.0            4.0             0.3125)
("HSS10X4X.25"                   10.0            4.0             0.25)
("HSS10X4X.1875"                 10.0            4.0             0.1875)
("HSS10X2X.375"                  10.0            2.0             0.375)
("HSS10X2X.3125"                 10.0            2.0             0.3125)
("HSS10X2X.25"                   10.0            2.0             0.25)
("HSS10X2X.1875"                 10.0            2.0             0.1875)
("HSS9X7X.625"                   9.0             7.0             0.625)
("HSS9X7X.5625"                  9.0             7.0             0.5625)
("HSS9X7X.5"                     9.0             7.0             0.5)
("HSS9X7X.375"                   9.0             7.0             0.375)
("HSS9X7X.3125"                  9.0             7.0             0.3125)
("HSS9X7X.25"                    9.0             7.0             0.25)
("HSS9X7X.1875"                  9.0             7.0             0.1875)
("HSS9X6X.625"                   9.0             6.0             0.625)
("HSS9X6X.5625"                  9.0             6.0             0.5625)
("HSS9X6X.5"                     9.0             6.0             0.5)
("HSS9X6X.375"                   9.0             6.0             0.375)
("HSS9X6X.3125"                  9.0             6.0             0.3125)
("HSS9X6X.25"                    9.0             6.0             0.25)
("HSS9X6X.1875"                  9.0             6.0             0.1875)
("HSS9X5X.5625"                  9.0             5.0             0.5625)
("HSS9X5X.5"                     9.0             5.0             0.5)
("HSS9X5X.375"                   9.0             5.0             0.375)
("HSS9X5X.3125"                  9.0             5.0             0.3125)
("HSS9X5X.25"                    9.0             5.0             0.25)
("HSS9X5X.1875"                  9.0             5.0             0.1875)
("HSS9X3X.5"                     9.0             3.0             0.5)
("HSS9X3X.375"                   9.0             3.0             0.375)
("HSS9X3X.3125"                  9.0             3.0             0.3125)
("HSS9X3X.25"                    9.0             3.0             0.25)
("HSS9X3X.1875"                  9.0             3.0             0.1875)
("HSS8X6X.5625"                  8.0             6.0             0.5625)
("HSS8X6X.5"                     8.0             6.0             0.5)
("HSS8X6X.375"                   8.0             6.0             0.375)
("HSS8X6X.3125"                  8.0             6.0             0.3125)
("HSS8X6X.25"                    8.0             6.0             0.25)
("HSS8X6X.1875"                  8.0             6.0             0.1875)
("HSS8X4X.5625"                  8.0             4.0             0.5625)
("HSS8X4X.5"                     8.0             4.0             0.5)
("HSS8X4X.375"                   8.0             4.0             0.375)
("HSS8X4X.3125"                  8.0             4.0             0.3125)
("HSS8X4X.25"                    8.0             4.0             0.25)
("HSS8X4X.1875"                  8.0             4.0             0.1875)
("HSS8X3X.5"                     8.0             3.0             0.5)
("HSS8X3X.375"                   8.0             3.0             0.375)
("HSS8X3X.3125"                  8.0             3.0             0.3125)
("HSS8X3X.25"                    8.0             3.0             0.25)
("HSS8X3X.1875"                  8.0             3.0             0.1875)
("HSS8X2X.375"                   8.0             2.0             0.375)
("HSS8X2X.3125"                  8.0             2.0             0.3125)
("HSS8X2X.25"                    8.0             2.0             0.25)
("HSS8X2X.1875"                  8.0             2.0             0.1875)
("HSS7X5X.5"                     7.0             5.0             0.5)
("HSS7X5X.375"                   7.0             5.0             0.375)
("HSS7X5X.3125"                  7.0             5.0             0.3125)
("HSS7X5X.25"                    7.0             5.0             0.25)
("HSS7X5X.1875"                  7.0             5.0             0.1875)
("HSS7X4X.5"                     7.0             4.0             0.5)
("HSS7X4X.375"                   7.0             4.0             0.375)
("HSS7X4X.3125"                  7.0             4.0             0.3125)
("HSS7X4X.25"                    7.0             4.0             0.25)
("HSS7X4X.1875"                  7.0             4.0             0.1875)
("HSS7X3X.5"                     7.0             3.0             0.5)
("HSS7X3X.375"                   7.0             3.0             0.375)
("HSS7X3X.3125"                  7.0             3.0             0.3125)
("HSS7X3X.25"                    7.0             3.0             0.25)
("HSS7X3X.1875"                  7.0             3.0             0.1875)
("HSS7X2X.25"                    7.0             2.0             0.25)
("HSS7X2X.1875"                  7.0             2.0             0.1875)
("HSS6X5X.5"                     6.0             5.0             0.5)
("HSS6X5X.375"                   6.0             5.0             0.375)
("HSS6X5X.3125"                  6.0             5.0             0.3125)
("HSS6X5X.25"                    6.0             5.0             0.25)
("HSS6X5X.1875"                  6.0             5.0             0.1875)
("HSS6X4X.5"                     6.0             4.0             0.5)
("HSS6X4X.375"                   6.0             4.0             0.375)
("HSS6X4X.3125"                  6.0             4.0             0.3125)
("HSS6X4X.25"                    6.0             4.0             0.25)
("HSS6X4X.1875"                  6.0             4.0             0.1875)
("HSS6X3X.375"                   6.0             3.0             0.375)
("HSS6X3X.3125"                  6.0             3.0             0.3125)
("HSS6X3X.25"                    6.0             3.0             0.25)
("HSS6X3X.1875"                  6.0             3.0             0.1875)
("HSS6X2X.375"                   6.0             2.0             0.375)
("HSS6X2X.3125"                  6.0             2.0             0.3125)
("HSS6X2X.25"                    6.0             2.0             0.25)
("HSS6X2X.1875"                  6.0             2.0             0.1875)
("HSS6X2X.125"                   6.0             2.0             0.125)
("HSS5X4X.375"                   5.0             4.0             0.375)
("HSS5X4X.3125"                  5.0             4.0             0.3125)
("HSS5X4X.25"                    5.0             4.0             0.25)
("HSS5X4X.1875"                  5.0             4.0             0.1875)
("HSS5X3X.5"                     5.0             3.0             0.5)
("HSS5X3X.375"                   5.0             3.0             0.375)
("HSS5X3X.3125"                  5.0             3.0             0.3125)
("HSS5X3X.25"                    5.0             3.0             0.25)
("HSS5X3X.1875"                  5.0             3.0             0.1875)
("HSS5X3X.125"                   5.0             3.0             0.125)
("HSS5X2.5X7G"                   5.0             2.5             0.18)
("HSS5X2.5X11G"                  5.0             2.5             0.12)
("HSS5X2X.3125"                  5.0             2.0             0.3125)
("HSS5X2X.25"                    5.0             2.0             0.25)
("HSS5X2X.1875"                  5.0             2.0             0.1875)
("HSS5X2X.125"                   5.0             2.0             0.125)
("HSS5X2X11G"                    5.0             2.0             0.12)
("HSS4X3X.3125"                  4.0             3.0             0.3125)
("HSS4X3X.25"                    4.0             3.0             0.25)
("HSS4X3X.1875"                  4.0             3.0             0.1875)
("HSS4X3X.125"                   4.0             3.0             0.125)
("HSS4X3X7G"                     4.0             3.0             0.18)
("HSS4X3X11G"                    4.0             3.0             0.12)
("HSS4X2.5X11G"                  4.0             2.5             0.12)
("HSS4X2X.3125"                  4.0             2.0             0.3125)
("HSS4X2X.25"                    4.0             2.0             0.25)
("HSS4X2X.1875"                  4.0             2.0             0.1875)
("HSS4X2X.125"                   4.0             2.0             0.125)
("HSS4X2X7G"                     4.0             2.0             0.18)
("HSS4X2X11G"                    4.0             2.0             0.12)
("HSS4X2X14G"                    4.0             2.0             0.083)
("HSS3.5X1.5X11G"                3.5             1.5             0.12)
("HSS3.5X2.5X.25"                3.5             2.5             0.25)
("HSS3.5X2.5X.1875"              3.5             2.5             0.1875)
("HSS3.5X1.5X.25"                3.5             1.5             0.25)
("HSS3.5X1.5X.1875"              3.5             1.5             0.1875)
("HSS3.5X1.5X.125"               3.5             1.5             0.125)
("HSS3X2X.25"                    3.0             2.0             0.25)
("HSS3X2X.1875"                  3.0             2.0             0.1875)
("HSS3X2X.125"                   3.0             2.0             0.125)
("HSS3X2X7G"                     3.0             2.0             0.18)
("HSS3X2X11G"                    3.0             2.0             0.12)
("HSS3X2X14G"                    3.0             2.0             0.083)
("HSS3X2X16G"                    3.0             2.0             0.065)
("HSS3X1.5X.25"                  3.0             1.5             0.25)
("HSS3X1.5X.1875"                3.0             1.5             0.1875)
("HSS3X1.5X.125"                 3.0             1.5             0.125)
("HSS3X1.5X7G"                   3.0             1.5             0.18)
("HSS3X1.5X11G"                  3.0             1.5             0.12)
("HSS3X1.5X14G"                  3.0             1.5             0.083)
("HSS3X1.5X16G"                  3.0             1.5             0.065)
("HSS3X1X11G"                    3.0             1.0             0.12)
("HSS3X1X14G"                    3.0             1.0             0.083)
("HSS3X1X16G"                    3.0             1.0             0.065)
("HSS2.5X1.5X.25"                2.5             1.5             0.25)
("HSS2.5X1.5X.1875"              2.5             1.5             0.1875)
("HSS2.5X1.5X.125"               2.5             1.5             0.125)
("HSS2.5X1.5X7G"                 2.5             1.5             0.18)
("HSS2.5X1.5X9G"                 2.5             1.5             0.145)
("HSS2.5X1.5X11G"                2.5             1.5             0.12)
("HSS2.5X1.5X14G"                2.5             1.5             0.083)
("HSS2.5X1.25X14G"               2.5             1.25            0.083)
("HSS2.5X1X11G"                  2.5             1.0             0.12)
("HSS2.5X1X14G"                  2.5             1.0             0.083)
("HSS2X1.5X11G"                  2.0             1.5             0.12)
("HSS2X1.5X14G"                  2.0             1.5             0.083)
("HSS2X1.5X16G"                  2.0             1.5             0.065)
("HSS2X1.25X14G"                 2.0             1.25            0.083)
("HSS2X1X11G"                    2.0             1.0             0.12)
("HSS2X1X14G"                    2.0             1.0             0.083)
("HSS2X.625X11G"                 2.0             0.625           0.12)
("HSS1.5X1X11G"                  1.5           1.0           0.12)
("HSS1.5X1X14G"                  1.5           1.0           0.083)
("HSS1.5X1X16G"                  1.5           1.0           0.065)
("HSS1.5X.75X11G"                1.5           0.75          0.12)
("HSS1.5X.75X14G"                1.5           0.75          0.083)
("HSS1.25X1X14G"                 1.25          1.0           0.083)